GAME
[info]
30, 30, 10
[map]
1, 0, 0, 1, 1, 0, 0, 0, 2, 2
1, 1, 0, 1, 0, 0, 0, 2, 2, 2
1, 1, 0, 1, 0, 0, 0, 2, 2, 2
1, 1, 0, 1, 0, 0, 0, 2, 2, 2
1, 1, 0, 1, 0, 0, 0, 2, 2, 2
1, 1, 0, 1, 0, 0, 0, 2, 2, 2
1, 1, 0, 1, 0, 0, 0, 2, 2, 2
1, 1, 0, 1, 0, 0, 0, 2, 2, 2
1, 1, 0, 1, 0, 0, 0, 2, 2, 2
1, 1, 0, 1, 0, 0, 0, 2, 2, 2
[hit]
1, 0, 0, 1, 1, 0, 0, 0, 2, 2
1, 1, 0, 1, 0, 0, 0, 2, 2, 2
1, 1, 0, 1, 0, 0, 0, 2, 2, 2
1, 1, 0, 1, 0, 0, 0, 2, 2, 2
1, 1, 0, 1, 0, 0, 0, 2, 2, 2
1, 1, 0, 1, 0, 0, 0, 2, 2, 2
1, 1, 0, 1, 0, 0, 0, 2, 2, 2
1, 1, 0, 1, 0, 0, 0, 2, 2, 2
1, 1, 0, 1, 0, 0, 0, 2, 2, 2
1, 1, 0, 1, 0, 0, 0, 2, 2, 2
[attack]
1: 2 3
2: 3 2
3: 1 1
[players]
1: Boxer
2: Kicker
3: Creeper

